8414
9767
13805
12987
32190
46383
57570
52261
30125
17522
12651
7285
7939
9283
12934
13432
28900
43848
54320
49702
32182
17691
11833
8146
8847
8614
12169
14481
30002
52654
60910
47948
30847
15916
12785
8307
8584
8719
17108
14771
31103
45349
52238
41221
27665
18433
10875
7228
7371
8921
12462
11772
29342
42663
49202
47947
25626
14684
10979
6808
7415
8881
11768
11469
24840
41663
57045
47552
29737
15763
10776
7815
8404
9704
13326
11136
24642
55157
55844
47127
30434
15558
10571
7380
7377
7361
11511
12852
28128
46405
54063
45320
31033
18382
14499
9147
8980
11120
12918
13286
28798
56459
62448
49569
30584
18436
14724
11649
10476
11094
15287
16715
31812
60994
64896
58104
27488
14305
11199
8179
9850
9938
13031
15918
29587
54242
49582
45403
29710
15371
12386
9722
9489
9614
13019
13424
27830
43621
57010
48789
33242
16594
16044
11098
11842
11223
15963
17246
30106
53155
59479
56108
30013
20966
17428
13999
12338
12286
18072
21215
34937
46092
62506
58676
41327
22128
19327
15291
13106
12740
20209
21295
39732
70528
63013
56724
38782
24640
20954
16728
13319
12862
18250
20049
32054
44154
53667
53315
34394
24398
19323
15090
12378
14087
17213
21058
32541
41465
54774
46913
34062
23399
20691
13114
10930
12184
15920
19076
33115
44528
56094
49274
37426
23464
17849
26015
12064
11990
16243
18196
34192
44922
63800
62313
36428
30162
20102
16374
13609
14386
19980
23672
43832
57579
61226
51320
38122
27210
20289
15533
13822
13669
20686
21505
42213
61807
66723
58573
39311
26704
20918
16665
14435
14024
20637
25723
48097
61712
65568
73357
41881
25587
21752
16986
15292
17430
21284
23174
47387
64508
70482
63325
43456
30639
22661
22941
16312
16139
24687
31056
54275
80087
84381
82593
53472
30361
25436
23417
