11447.4
10968.2
16238
17613.5
34114.9
52390.5
59897.3
53897.5
34647.5
21144.1
16583.3
13069.7
11012.5
11437.1
16310.6
17476
34058.1
52212.9
59977.5
53895.2
34876.5
21096
16706.9
12988.9
11124.7
11315.7
16382.5
17339.5
34001.2
52034.8
60056.9
53892.3
35105.8
21048.5
16830.5
12908.3
11236.9
11194.6
16453.6
17204.1
33944.1
51856.3
60135.5
53888.8
35335.4
21001.7
16954.1
12828
11349.1
11073.8
16173.9
17734.8
34164.6
52545.8
59826.5
53898.9
34447
21186.8
16474.9
13140.7
10914.2
11543.6
16247
17596.5
34107.9
52368.6
59907.3
53897.2
34675.7
21138.2
16598.5
13059.7
11026.3
11422.1
16319.5
17459.1
34051.1
52190.9
59987.3
53894.9
34904.7
21090.1
16722.2
12979
11138.5
11300.8
16391.3
17322.7
33994.2
52012.8
60066.6
53891.9
35134.1
21042.7
16845.8
12898.4
11250.8
11179.7
16109.3
17856.9
34214.2
52700.7
59755.2
53899.8
34246.9
21229.8
16366.5
13211.7
10816
11650.2
16182.9
17717.7
34157.6
52524
59836.5
53898.8
34475.2
21180.7
16490.1
13130.7
10928
11528.6
16256
17579.4
34100.9
52346.7
59917.2
53897
34704
21132.2
16613.8
13049.7
11040.2
11407.1
16328.4
17442.2
34044.1
52169
59997.1
53894.5
34933
21084.2
16737.5
12969
11152.4
11285.8
16044.3
17979.8
34263.8
52855.2
59683.4
53900.2
34047.2
21273.1
16258.2
13282.9
10717.9
11756.9
16118.4
17839.7
34207.2
52678.9
59765.3
53899.7
34275.1
21223.7
16381.8
13201.7
10829.8
11635.2
16192
17700.6
34150.6
52502.1
59846.5
53898.6
34503.4
21174.7
16505.4
13120.7
10941.9
11513.6
16264.9
17562.4
34093.9
52324.8
59927.1
53896.7
34732.2
21126.2
16629.1
13039.8
11054
11392.1
15978.8
18103.3
34313.3
53009.2
59611.1
53899.9
33847.9
21316.8
16150
13354.1
10619.9
11863.6
16053.4
17962.4
34256.8
52833.4
59693.5
53900.2
34075.3
21267
16273.5
13272.9
10731.7
11741.9
16127.5
17822.5
34200.2
52657.1
59775.3
53899.6
34303.3
21217.6
16397
13191.7
10843.6
11620.2
16201
17683.5
34143.6
52480.3
59856.5
53898.4
34531.7
21168.7
16520.7
13110.7
10955.7
11498.6
15913.1
18227.4
34362.8
53162.7
59538.4
53899
33649
21360.8
16042
13425.3
10522.1
11970.4
15988.1
18085.8
34306.3
52987.5
59621.3
53900
33875.9
21310.7
16165.3
13344
10633.7
11848.6
16062.6
17945.1
34249.8
52811.7
59703.7
53900.1
34103.4
21260.9
16288.7
13262.8
10745.5
11726.8
16136.6
17805.3
34193.3
52635.3
59785.4
53899.5
34331.4
21211.5
16412.3
13181.7
