2804.5
3824.38
5225.71
6641.9
7701.6
8124.45
7792.95
6781.76
5337.31
3813.2
2578.71
1924.37
1989.05
2727.2
3924.11
5254.38
6367.64
6978.69
6938.43
6267.49
5144.69
3854.55
2708.69
1962.87
1751.79
2058.71
2727.19
3510.52
4144.53
4423.04
4255.16
3688.65
2893.44
2110.4
1580.08
1471.67
1832.41
2571.7
3484.7
4309.16
4799.6
4798.38
4283.54
3379.64
2327.88
1422.98
933.571
1027.64
1723.44
2879.78
4228.98
5444.26
6224.15
6371.38
5845.27
4773.37
3419.02
2113.15
1168.37
798.241
1063.09
1857.08
2939.75
4003.71
4760.04
5018.37
4739.86
4048.38
3196.74
2496.71
2231.6
2575.03
3538.18
4960.23
6545.48
7937.68
8812.55
8963.78
8359.74
7155.1
5654.04
4233.8
3248.41
2937.77
3365.69
4403.63
5764.32
7076.95
7984.16
8235.68
7753.94
6654.6
5216.42
3808.44
2793.48
2433.18
2819.45
3850.23
5255.7
6668.19
7717.27
8125.3
7778.56
6755.61
5305.79
3784.01
2558.84
1918.36
1997.83
2747.96
3951.07
5280.34
6385.85
6984.59
6930.7
6248.31
5119.03
3828.77
2688.82
1953.04
1753.19
2069.44
2742.91
3525.76
4154.27
4424.15
4247.21
3674
2876.51
2096.35
1573.27
1474.42
1844.22
2589.39
3503.28
4323.2
4804.8
4792.84
4268.36
3358.75
2306.99
1408.09
929.335
1036.02
1743.11
2906.38
4256.17
5465.36
6233.88
6367.23
5828.19
4747.55
3390.81
2089.38
1154.63
797.388
1074.6
1877.22
2962.66
4023.03
4770.67
5017.9
4729.23
4031.63
3179.91
2486.16
2232.19
2588.73
3563.36
4992.04
6576.95
7961.59
8823.26
8958.8
8340.38
7126.28
5623.02
4208.35
3234.82
2939.23
3381.49
4429.29
5792.82
7100.54
7996.4
8233.11
7737.02
6627.55
5186.16
3782.75
2778.99
2433.62
2834.67
3876.24
5285.7
6694.32
7732.66
8125.83
7763.89
6729.27
5274.24
3754.94
2539.23
1912.65
2006.89
2768.91
3978.08
5306.2
6403.85
6990.21
6922.7
6228.93
5093.3
3803.06
2669.13
1943.43
1754.81
2080.32
2758.67
3540.93
4163.86
4425.07
4239.09
3659.26
2859.59
2082.41
1566.65
1477.36
1856.18
2607.15
3521.81
4337.09
4809.79
4787.08
4253.03
3337.79
2286.16
1393.38
925.346
1044.66
