2108
2375
1037
2664
5761
6196
6817
4095
1772
3195
3186
3581
3491
3103
4142
6330
8525
6424
6721
2282
3882
1255
2823
1797
1842
2087
1571
3329
1881
2770
4569
2288
1625
2608
2621
2258
3201
2421
3129
3432
2141
4474
1850
2700
1529
341
921
1915
993
2124
3153
3360
6780
3868
4128
3195
2384
610
571
800
321
545
650
1371
2122
1
1042
4129
664
1761
2969
3943
4462
3147
8236
8351
11289
10816
11348
8189
7362
3648
3788
3029
4173
3733
5190
7167
9960
9895
8835
5881
3001
3591
2899
4278
1483
4977
4965
8454
10660
11878
11146
7052
4682
3134
2700
2896
2286
2438
3518
2961
6542
9242
9323
7678
6472
3387
3337
5013
2709
2889
3107
4264
6538
15613
9840
6278
4816
3082
3142
2551
3803
3438
3829
5483
8986
8014
7473
4796
3313
3479
3594
2842
2822
2710
4073
3928
7631
10403
8640
6118
3460
2342
2531
2201
2730
2993
3540
4919
8504
11030
6883
5965
4813
3113
2724
2415
2807
3424
3938
6576
9408
8169
5527
4764
3824
3823
4083
3820
3515
4064
4820
877
10703
10689
7202
5737
5316
4123
3661
3573
3401
3972
3384
5252
10792
18479
6545
4927
3221
2851
1240
1406
2723
2788
3859
4962
7895
6384
5434
4461
3647
2831
3493
2632
3071
4053
1585
1
1
1
1
1
1
1
1
1
2195
2744
3444
2020
1
1
7381
3731
162
1
1
1
